0
0
0
0
0
0
0
0
0
0
0
0
0
0
0
0
0
0
0
0
0
0
0
0
0
0
0
0
0
0
0
0
0
0
0
0
6.1286
4.3
4.8264
4.8664
5.0359
4.8324
4.6747
4.4302
4.6048
4.0872
4.6384
5.062
5.2997
5.8455
5.3296
5.6314
6.063
6.7608
6.1123
6.6897
6.788
7.0381
6.8254
6.7064
6.279
6.081
6.0998
6.3783
6.2198
6.064
6.0393
6.4193
6.9538
7.5645
8.0954
8.4474
8.5371
8.7732
8.2709
7.2104
6.3469
5.5397
4.7704
4.1791
3.6628
3.3444
3.248
3.304
3.304
3.248
3.3444
3.6628
4.1791
4.7704
5.5397
6.3469
7.2104
8.2709
8.7732
8.5371
8.4474
8.0954
7.5645
6.9538
6.4193
6.0393
6.064
6.2198
6.3783
6.0998
6.081
6.279
6.7064
6.8254
7.0381
6.788
6.6897
6.1123
6.7608
6.063
5.6314
5.3296
5.8455
5.2997
5.062
4.6384
4.0872
4.6048
4.4302
4.6747
4.8324
5.0359
4.8664
4.8264
4.3
6.1286
0
0
0
0
0
0
0
0
0
0
0
0
0
0
0
0
0
0
0
0
0
0
0
0
0
0
0
0
0
0
0
0
0
0
0
0
