0
0
0
0
0
0
0
0
0
0
0
0
0
0
0
0
0
0
0
0
0
0
0
0
0
0
0
0
0
0
0
0
0
0
0
0
0
0
0
0
0
0
0
0
0
0
0
0
4.4746
5.0234
4.8109
4.9866
5.215
5.1903
5.4684
5.4661
5.8217
5.2942
5.0754
4.7056
4.2873
4.2613
4.0318
3.9324
4.1344
4.1068
4.2363
4.6315
5.3285
5.7723
6.0877
6.1449
6.0555
5.9641
5.6537
5.078
4.4292
3.8196
3.2564
2.7949
2.4722
2.2952
2.2217
2.2008
2.2008
2.2217
2.2952
2.4722
2.7949
3.2564
3.8196
4.4292
5.078
5.6537
5.9641
6.0555
6.1449
6.0877
5.7723
5.3285
4.6315
4.2363
4.1068
4.1344
3.9324
4.0318
4.2613
4.2873
4.7056
5.0754
5.2942
5.8217
5.4661
5.4684
5.1903
5.215
4.9866
4.8109
5.0234
4.4746
0
0
0
0
0
0
0
0
0
0
0
0
0
0
0
0
0
0
0
0
0
0
0
0
0
0
0
0
0
0
0
0
0
0
0
0
0
0
0
0
0
0
0
0
0
0
0
0
